Inference for Stan model: population_model.
16 chains, each with iter=12500; warmup=2500; thin=1; 
post-warmup draws per chain=10000, total post-warmup draws=160000.

                 mean se_mean       sd      2.5%       25%       50%       75%     97.5%  n_eff Rhat
sigma_nu_b       0.09    0.00     0.00      0.09      0.09      0.09      0.09      0.09   8092 1.00
sigma_nu_d       0.26    0.00     0.00      0.25      0.25      0.26      0.26      0.26  14105 1.00
sigma_eta_b      0.15    0.00     0.01      0.13      0.14      0.15      0.16      0.17  83601 1.00
sigma_eta_d      0.30    0.00     0.02      0.27      0.29      0.30      0.31      0.33 157076 1.00
psi_bd           0.33    0.00     0.00      0.32      0.33      0.33      0.33      0.34  18522 1.00
psi_mu           0.38    0.01     0.29      0.08      0.18      0.29      0.49      1.17   2353 1.01
sigma_c       2358.07   21.47  1341.54    176.56   1371.79   2275.55   3186.99   5297.02   3903 1.00
mu_1647     440380.25  265.38 29236.28 384594.79 420321.68 439829.72 459869.11 498950.62  12137 1.00
phi_d            5.20    0.01     0.60      4.13      4.78      5.16      5.57      6.46   7517 1.00
pi               0.78    0.00     0.03      0.72      0.76      0.78      0.80      0.83 125064 1.00
phi_mu           1.41    0.00     0.38      0.75      1.15      1.38      1.65      2.24  21918 1.00
r_b              0.07    0.00     0.06      0.01      0.03      0.05      0.09      0.23  13416 1.00
r_d              0.10    0.00     0.07      0.01      0.05      0.08      0.13      0.27  22773 1.00
m_b           1740.16    0.22    23.22   1695.26   1724.50   1739.15   1755.88   1785.45  10881 1.00
m_d           1703.17    0.25    20.88   1670.44   1688.66   1700.29   1714.23   1754.17   7106 1.00
lc[1]            0.58    0.00     0.10      0.37      0.51      0.59      0.66      0.77  19889 1.00
lc[2]            0.18    0.00     0.07      0.06      0.13      0.17      0.22      0.34  21053 1.00
lc[3]            0.24    0.00     0.09      0.10      0.18      0.23      0.29      0.43  28638 1.00
lambda_b[1]      0.64    0.00     0.08      0.48      0.59      0.65      0.70      0.79  18582 1.00
lambda_d[1]      0.49    0.00     0.09      0.31      0.43      0.49      0.56      0.67  16717 1.00
lambda_n         0.85    0.00     0.05      0.76      0.81      0.84      0.88      0.95   7453 1.00

Samples were drawn using NUTS(diag_e) at Sun Nov 10 20:27:54 2019.
For each parameter, n_eff is a crude measure of effective sample size,
and Rhat is the potential scale reduction factor on split chains (at 
convergence, Rhat=1).
